DEF 111 
{
Version 
{
0x2
}
Kb 
{
-0.01309629305859187,17.55961494171318,-0.04382838038782517,32.85976249227703,2.813920317563432,0.8802464477883432 
-0.5456207540043551,70.97608571939826,-0.5517707544554533,87.58585207077809,3.564449942227739,-4.604331444306779 
-0.1086298983304374,15.04496132838491,-0.0501252060852788,6.783597257833879,3.3553446972296,-10.17991765709406 
-0.1233153859559395,14.36055983861456,-0.1766415392339956,13.73250882386448,3.425629820018777,-5.445985020378084 0.07553362431145379,13.03901467708355,0.1415064259826631,25.90898771711546,2.754404984740521,3.155317948881784 
-0.01507993393142609,56.53677153758941,-0.07704176631110438,90.33069441325847,2.783064371835438,-10.98691766952057 
-0.08516469583462757,-24.60195601904046,-0.05152140321146962,-47.18175367064325,2.406597301538173,-3.211485078188423 
-0.3845244865598471,13.4958789424386,-0.2585146450224765,-18.28432954338599,2.802624802424758,-3.081093133219345 
-0.3679806314562484,56.80756357411028,-0.386736294248564,72.85290688858929,3.770319782131603,-7.123213882403649 
-0.2474903805084334,-8.629467439089382,-0.225830689679802,-2.447039805310138,2.958832221780976,-7.521183099284637 
-0.242559528571604,103.3922152054821,-0.3209211192995858,127.8881355437215,3.466122264124198,-3.042628921338682 
0.2508865399339876,-56.99981960418967,0.2498097930530474,-78.26481135588969,2.94003454545655,0.0 
}
Fpn_lg 
{
132.375, 70.875, 160.625, 126.500, 180.750, 177.250, 88.458, 60.875, 140.125, 106.375, 236.958, 134.625
}
Fpn_hg 
{
157.042, 92.208, 183.875, 150.792, 204.792, 200.000, 113.125, 82.667, 161.375, 129.042, 260.667, 159.750
}
AutoV20_lg 
{
0x8
}
AutoV20_hg 
{
0xa
}
Rampgen 
{
0xbc
}
Range 
{
0xf
}
AutoV15 
{
0x6
}
Temp_calib 
{
29.500, -33.751, 0.000, 0.000, 0.000, 0.000, 0.000, 0.000, 0.000, 0.000, 0.000, 0.000
}
}