DEF n12 {
Version {
0x2
}
Kb {
0.032, -5.624, 0.104, -30.497, 4.401, 11.019,
0.097, 48.802, 0.194, 36.565, 5.007, 11.106,
-0.156, 14.952, -0.054, 14.522, 4.829, 13.197,
-0.194, -32.250, -0.031, -46.819, 4.680, 17.412,
0.119, 3.997, 0.241, -30.405, 4.401, 9.659,
-0.079, -17.497, 0.057, -26.955, 4.284, 15.206,
-0.240, 30.074, -0.160, 30.999, 5.325, 14.415,
0.077, -25.808, 0.324, -56.974, 4.804, 22.938,
-0.174, 49.681, -0.114, 39.972, 5.011, 18.566,
-0.304, 4.926, -0.178, 18.312, 4.781, 1.624,
0.233, -17.798, 0.375, -26.657, 4.595, 12.569,
0.040, 9.241, 0.126, -17.599, 5.487, 0.000
}
Fpn_lg {
67.250, 236.583, 130.000, 82.125, 87.292, 103.333, 192.667, 167.958, 232.167, 124.083, 172.417, 152.208
}
Fpn_hg {
77.375, 241.125, 143.833, 98.417, 108.500, 121.375, 215.167, 183.833, 248.042, 132.042, 193.167, 167.042
}
AutoV20_lg {
0x8
}
AutoV20_hg {
0xa
}
Rampgen {
0xaf
}
Range {
0xf
}
AutoV15 {
0x5
}
Temp_calib {
21.00, -14.4, 0.000, 0.000, 0.000, 0.000, 0.000, 0.000, 0.000, 0.000, 0.000, 0.000
}
}
