DEF 691 {
Version {
0x2
}
Kb {
0.39032, -53.54400, 0.50347, -75.15400, 2.22150, 8.25740,
0.37192, 3.92830, 0.38126, 14.81800, 1.60050, 0.00000,
0.08569, 30.50000, 0.11121, 23.46100, 2.97240, -11.59400,
-0.06928, 13.38200, -0.14878, 51.69100, 2.28620, -9.84790,
0.38412, -31.45500, 0.30572, -45.73200, 2.56090, 3.22110,
0.12169, -8.23020, 0.19921, -26.92900, 1.75020, -7.13580,
-0.00327, 35.49400, 0.01149, 76.77100, 2.83890, -10.56400,
0.17024, -45.62100, 0.23106, -80.87800, 1.74960, 3.17140,
0.23247, -49.95600, 0.22738, -60.08000, 2.05740, 3.23050,
0.19726, -28.03600, 0.24032, -31.03600, 2.58080, -6.25710,
0.06763, -9.00740, 0.06887, 17.61900, 2.76970, -4.19590,
0.13953, -27.87900, 0.19800, -10.82600, 3.00640, -18.21800
}
Fpn_lg {
213.38889, 319.13889, 187.36111, 200.69444, 185.38889, 119.36111, 219.16667, 74.11111, 158.55556, 184.08333, 158.50000, 162.77777
}
Fpn_hg {
229.50000, 343.41666, 210.86111, 222.22223, 211.19444, 141.11111, 251.80556, 98.11111, 183.52777, 207.86111, 182.66667, 185.63889
}
AutoV20_lg {
0x8
}
AutoV20_hg {
0xa
}
Rampgen {
0x84
}
Range {
0xf
}
AutoV15 {
0x7
}
Temp_calib {
29.50000, -13.74998, 0.00000, 0.00000, 0.00000, 0.00000, 0.00000, 0.00000, 0.00000, 0.00000, 0.00000, 0.00000
}
}
