DEF 111 {
Version {
0x2
}
Kb {
-0.013, 17.560, -0.044, 32.860, 2.814, 0.880,
-0.546, 70.976, -0.552, 87.586, 3.564, -4.604,
-0.109, 15.045, -0.050, 6.784, 3.355, -10.180,
-0.123, 14.361, -0.177, 13.733, 3.426, -5.446,
0.076, 13.039, 0.142, 25.909, 2.754, 3.155,
-0.015, 56.537, -0.077, 90.331, 2.783, -10.987,
-0.085, -24.602, -0.052, -47.182, 2.407, -3.212,
-0.385, 13.496, -0.259, -18.284, 2.803, -3.081,
-0.368, 56.808, -0.387, 72.853, 3.770, -7.123,
-0.247, -8.630, -0.226, -2.447, 2.959, -7.521,
0.093, 67.479, -0.321, 127.890, 6.000, 23.286,
0.251, -57.000, 0.250, -78.265, 2.940, 0.000
}
Fpn_lg {
132.375, 70.875, 160.625, 126.500, 180.750, 177.250, 88.458, 60.875, 140.125, 106.375, 236.958, 134.625
}
Fpn_hg {
157.042, 92.208, 183.875, 150.792, 204.792, 200.000, 113.125, 82.667, 161.375, 129.042, 260.667, 159.750
}
AutoV20_lg {
0x8
}
AutoV20_hg {
0xa
}
Rampgen {
0xbc
}
Range {
0xf
}
AutoV15 {
0x6
}
}
Temp_calib {
29.500, -33.751, 0.000, 0.000, 0.000, 0.000, 0.000, 0.000, 0.000, 0.000, 0.000, 0.000
}
