DEF 615 {

Kb {

-0.21025641	,	20.05128205	,	5	,	-10	,
-0.012244898	,	7.06122449	,	4.8	,	-20	,
0.005128205	,	16.97435897	,	5	,	-22	,
0.005128205	,	-33.02564103	,	4.5	,	30	,
-0.205128205	,	-36.97435897	,	6	,	10	,
-0.117948718	,	-18.41025641	,	5	,	0	,
0.205128205	,	-17.02564103	,	5.5	,	-5	,
-0.194871795	,	24.97435897	,	4.5	,	28	,
0	,	1	,	5	,	16	,
0.266666667	,	-26.33333333	,	5	,	0	,
0.292307692	,	23.53846154	,	5	,	-5	,
0.005128205	,	-18.02564103	,	4	,	-12	

}

	Fpn_lg {
		147.0833333,	187.96875,	138.2083333,	178.0833333,	151.3541667,	192.0729167,	176.3541667,	142.5625,	39.73958333,	202.75,	193.8229167,	107.3125

	}

	Fpn_hg {
		170.1354167,	211.65625,	162.9166667,	201.28125,	175.0729167,	215.375,	203.78125,	164.34375,	63.13541667,	243.125,	217.9583333,	131.59375

	}

	AutoV20_lg { 
		0x09
	}

	AutoV20_hg {
		0x0b
	}

	AutoV15 {
		0x09
	}

	Rampgen {
		0x88
	}
	
	Temp_calib {
		1, 0.0, 0,0,0,0,0,0,0,0,0,0
	}
}

DEF 214 {

Kb {

-0.2	,	2	,	4	,	8	,
-0.081632653	,	-15.59183673	,	4	,	23	,
-0.235897436	,	11.17948718	,	4.5	,	16	,
0.076923077	,	50.61538462	,	4.2	,	0	,
-0.087179487	,	27.43589744	,	4.5	,	12	,
-0.18974359	,	19.94871795	,	4.5	,	15	,
0.046153846	,	42.76923077	,	4.5	,	12	,
0.112820513	,	-28.56410256	,	4.3	,	0	,
0.117948718	,	-19.58974359	,	4	,	-5	,
0.169230769	,	-66.84615385	,	3.8	,	-4	,
0.025641026	,	-55.12820513	,	3.7	,	-5	,
-0.179487179	,	27.8974359	,	4.6	,	-12	


}

	Fpn_lg {
		186.9583333,	147.1770833,	288.75,	216.3229167,	142.2604167,	177.0729167,	216.8854167,	175.84375,	92.9375,	117.4166667,	60.55208333,	163.375

	}

	Fpn_hg {
		217.4895833,	178.78125,	318.1145833,	253.5520833,	174.0833333,	209.1666667,	259.9479167,	205.9166667,	122.78125,	146.5208333,	91.03125,	193.9479167

	}

	AutoV20_lg { 
		0x08
	}

	AutoV20_hg {
		0x0a
	}

	AutoV15 {
		0x08
	}

	Rampgen {
		0xb0
	}
	
	Temp_calib {
		21.875, -7, 0,0,0,0,0,0,0,0,0,0
	}
}



