DEF 6 {
Version {
0x2
}
Kb {
-0.161, 26.101, -0.088, 21.717, 4.515, -1.947,
0.018, -36.685, 0.076, -29.075, 3.269, 8.458,
0.201, -24.815, 0.353, -47.612, 3.140, 4.811,
0.066, -26.596, 0.151, -48.944, 3.251, 6.265,
0.057, -43.783, 0.116, -69.206, 3.325, 13.512,
-0.362, 23.297, -0.326, 49.031, 3.367, 2.655,
-0.235, 43.692, -0.168, 56.236, 4.161, 0.000,
-0.082, -19.122, 0.044, -32.074, 3.740, 8.338,
-0.130, 26.804, -0.061, 21.929, 4.165, -4.584,
0.180, 34.108, 0.263, 23.221, 3.361, -2.741,
-0.043, 40.637, 0.024, 22.268, 3.736, 10.023,
-0.212, 26.942, -0.123, 28.749, 3.932, 0.000
}
Fpn_lg {
161.917, 187.667, 44.500, 53.083, 138.250, 116.583, 278.292, 196.708, 225.167, 174.333, 187.375, 152.500
}
Fpn_hg {
187.375, 216.167, 70.083, 79.083, 165.125, 143.083, 305.417, 223.458, 255.750, 198.708, 215.958, 176.917
}
AutoV20_lg {
0x8
}
AutoV20_hg {
0xa
}
Rampgen {
0x82
}
Range {
0xf
}
AutoV15 {
0x8
}

Temp_calib {
29.500, -12.380, 0.000, 0.000, 0.000, 0.000, 0.000, 0.000, 0.000, 0.000, 0.000, 0.000
}
}

DEF 7 {
Version {
0x2
}
Kb {
0.200, -9.165, 0.335, -47.578, 3.068, -6.210,
0.320, -26.180, 0.424, -57.000, 2.766, -8.698,
0.297, -67.727, 0.473, -82.316, 2.728, 0.724,
-0.040, 10.079, 0.109, 2.700, 3.292, -2.806,
0.198, -93.202, 0.396, -119.280, 6.000, -4.266,
0.125, -41.991, 0.255, -52.694, 2.832, -0.864,
0.111, -73.175, 0.200, -73.116, 3.508, -2.294,
0.298, 9.668, 0.360, 26.202, 2.572, -6.725,
0.347, -0.085, 0.424, -36.344, 2.283, 6.626,
0.093, -38.493, 0.210, -20.341, 1.953, 0.734,
0.159, 33.394, 0.131, 67.240, 2.624, -9.144,
0.257, 4.947, 0.372, -11.902, 3.162, 0.000
}
Fpn_lg {
134.875, 164.875, 55.625, 217.625, 58.292, 68.542, 61.083, 215.333, 194.958, 189.208, 161.792, 134.417
}
Fpn_hg {
160.208, 190.750, 81.292, 244.083, 87.917, 94.917, 87.750, 244.000, 221.667, 214.792, 187.042, 161.792
}
AutoV20_lg {
0x8
}
AutoV20_hg {
0xa
}
Rampgen {
0x73
}
Range {
0xf
}
AutoV15 {
0x8
}

Temp_calib {
29.500, -26.140, 0.000, 0.000, 0.000, 0.000, 0.000, 0.000, 0.000, 0.000, 0.000, 0.000
}
}
