DEF 452 {
Version {
0x2
}
Kb {
0.195, -6.778, 0.205, -0.273, 2.328, -7.247,
0.115, -41.675, 0.128, -34.556, 2.076, 0.197,
0.273, -17.103, 0.417, -49.086, 2.619, -5.191,
0.368, -76.899, 0.532, -94.165, 2.365, -0.690,
0.149, 2.066, 0.213, -3.082, 2.108, -9.275,
0.471, -50.811, 0.532, -107.750, 1.920, 1.691,
0.154, -1.515, 0.188, 9.024, 2.548, -12.580,
0.285, -31.079, 0.379, -54.308, 3.049, -2.005,
0.448, -48.079, 0.536, -48.369, 1.958, 1.477,
0.472, -8.437, 0.541, -0.171, 1.948, -1.819,
0.261, -8.182, 0.343, -7.756, 1.577, 4.230,
0.288, -83.812, 0.418, -77.158, 3.472, 0.000
}
Fpn_lg {
187.250, 66.667, 207.389, 79.139, 182.556, 133.694, 195.333, 169.417, 170.028, 209.722, 121.417, 63.833
}
Fpn_hg {
202.417, 83.083, 225.333, 95.639, 199.083, 153.278, 210.417, 188.083, 189.444, 226.278, 138.750, 83.139
}
AutoV20_lg {
0x8
}
AutoV20_hg {
0xa
}
Rampgen {
0xb1
}
Range {
0xf
}
AutoV15 {
0x6
}
Temp_calib {
29.500, -10.257, 0.000, 0.000, 0.000, 0.000, 0.000, 0.000, 0.000, 0.000, 0.000, 0.000
}
}
