DEF 7 {
Version {
0x2
}
Kb {
0.200, -9.165, 0.335, -47.578, 3.068, -6.210,
0.320, -26.180, 0.424, -57.000, 2.766, -8.698,
0.297, -67.727, 0.473, -82.316, 2.728, 0.724,
-0.040, 10.079, 0.109, 2.700, 3.292, -2.806,
0.198, -93.202, 0.396, -119.280, 6.000, -4.266,
0.125, -41.991, 0.255, -52.694, 2.832, -0.864,
0.111, -73.175, 0.200, -73.116, 3.508, -2.294,
0.298, 9.668, 0.360, 26.202, 2.572, -6.725,
0.347, -0.085, 0.424, -36.344, 2.283, 6.626,
0.093, -38.493, 0.210, -20.341, 1.953, 0.734,
0.159, 33.394, 0.131, 67.240, 2.624, -9.144,
0.257, 4.947, 0.372, -11.902, 3.162, 0.000
}
Fpn_lg {
183.000, 231.000, 103.000, 74.333, 119.000, 119.875, 119.000, 75.625, 47.958, 73.708, 214.875, 183.000
}
Fpn_hg {
183.000, 53.958, 103.000, 103.458, 119.000, 119.000, 119.000, 107.583, 79.042, 79.667, 55.917, 183.000
}
AutoV20_lg {
0x8
}
AutoV20_hg {
0xa
}
Rampgen {
0x88
}
Range {
0xf
}
AutoV15 {
0x8
}
Temp_calib {
29.500, -56.271, 0.000, 0.000, 0.000, 0.000, 0.000, 0.000, 0.000, 0.000, 0.000, 0.000
}
}
