DEF 208 {

	Kb {
-0.369230769	,	68.84615385	,0,0,
-0.318367347	,	35.59183673	,0,0,
-0.128205128	,	-0.358974359	,0,0,
-0.153846154	,	12.76923077	,0,0,
-0.087179487	,	7.435897436	,0,0,
-0.220512821	,	-29.8974359	,0,0,
-0.076923077	,	78.38461538	,0,0,
-0.128205128	,	1.641025641	,0,0,
-0.333333333	,	10.66666667	,0,0,
-0.18974359	,	44.94871795	,0,0,
-0.348717949	,	12.74358974	,0,0,
0.051282051	,	-31.25641026	,0,0

	}

	Fpn_lg {
120.8888889,	130.5694444,	129.4027778,	85.44444444,	130.8472222,	107.0694444,	98.06944444,	83.51388889,	105.0833333,	157.4444444,	71,	124.1805556


	}

	Fpn_hg {
128.6527778,	139.4861111,	136.7638889,	89.5,	138.5277778,	112.9027778,	104.7638889,	92.375,	112.1388889,	166.0555556,	77.75,	131.6805556


	}

	AutoV20_lg { 
		0x0a
	}

	AutoV20_hg {
		0x0c
	}

	Rampgen {
		0xBC
	}
	
	Temp_calib {
		17.836, 0.8657, 0,0,0,0,0,0,0,0,0,0
	}
}


DEF 206 {

	Kb {
-0.194871795	,	42.97435897	,0,0,
-0.097959184	,	14.48979592	,0,0,
0.01025641	,	-7.051282051	,0,0,
-0.169230769	,	30.84615385	,0,0,
0.112820513	,	-68.56410256	,0,0,
-0.061538462	,	-27.69230769	,0,0,
-0.353846154	,	17.76923077	,0,0,
-0.020512821	,	26.1025641	,0,0,
-0.220512821	,	-0.897435897	,0,0,
-0.194871795	,	-14.02564103	,0,0,
0.184615385	,	10.07692308	,0,0,
-0.020512821	,	-30.8974359	,0,0


	}

	Fpn_lg {
150.3194444,	153.1805556,	139.0416667,	143.1111111,	132.3055556,	152.1666667,	126.6666667,	172.6111111,	136.0138889,	90.01388889,	69.73611111,	110.5833333


	}

	Fpn_hg {
160.875,	163.3472222,	152.5555556,	155.6527778,	135.0833333,	163.0694444,	138.5,	181.6805556,	141.2916667,	100.1527778,	84.875,	113.7916667


	}

	AutoV20_lg { 
		0x09
	}

	AutoV20_hg {
		0x0b
	}

	Rampgen {
		0xAA
	}

	Temp_calib {
		17.158, -4.1778, 0,0,0,0,0,0,0,0,0,0
	}
}





