DEF 617 {
Version {
0x2
}
Kb {
0.57764, -23.11400, 0.77335, -71.00900, 2.34760, 20.93400,
0.40502, -34.89500, 0.51704, -51.86000, 2.41750, 5.13360,
0.64576, -96.83100, 0.83832, -100.31000, 4.60880, 8.64480,
0.25620, -6.40270, 0.37637, -3.67550, 2.67120, 14.21500,
0.13071, -6.23270, 0.23262, -0.30025, 2.30460, 7.41950,
0.55430, -64.56100, 0.65061, -103.81000, 2.38940, 15.45800,
0.33905, -91.03800, 0.55672, -128.87000, 4.56200, 3.64440,
0.41166, -19.77100, 0.46589, -16.45700, 2.36110, 9.03500,
0.25276, -22.89100, 0.25723, -20.17000, 2.59470, 6.31590,
0.53899, 9.65510, 0.53965, 6.01300, 2.39460, 4.73670,
0.54929, 12.05000, 0.61584, -1.01320, 2.65500, 7.18780,
0.45901, -53.88800, 0.59172, -58.78900, 2.04890, 12.23500
}
Fpn_lg {
84.16666, 79.55556, 41.19444, 129.22223, 174.72223, 75.16666, 52.97222, 94.91666, 80.02778, 153.63889, 141.16667, 127.91666
}
Fpn_hg {
106.13889, 101.36111, 66.83334, 150.52777, 195.83333, 97.05556, 74.69444, 116.55556, 100.58334, 173.08333, 162.91667, 148.22223
}
AutoV20_lg {
0x8
}
AutoV20_hg {
0xa
}
Rampgen {
0x89
}
Range {
0xf
}
AutoV15 {
0x6
}
Temp_calib {
29.50000, -16.37539, 0.00000, 0.00000, 0.00000, 0.00000, 0.00000, 0.00000, 0.00000, 0.00000, 0.00000, 0.00000
}
}

DEF 616 {
Version {
0x2
}
Kb {
0.21496, -55.65500, 0.25455, -36.79700, 1.32750, 2.94950,
0.36234, -35.96800, 0.40935, -24.18200, 1.41020, 2.79760,
0.26431, -49.44700, 0.29744, -79.68100, 1.04840, 6.88490,
-0.20300, 63.72500, -0.13034, 93.97100, 2.33440, -2.11790,
0.20472, -71.24400, 0.41545, -105.27000, 3.08820, 2.26800,
0.34766, -2.44600, 0.34572, -2.83860, 2.00550, -7.01600,
0.17643, 28.85100, 0.26441, 35.82300, 1.51950, -3.68750,
0.36982, -20.71400, 0.39475, -60.11200, 1.45380, 0.98818,
0.20231, 42.66500, 0.25138, 53.12200, 2.01490, -2.83200,
0.52829, -49.72700, 0.56375, -56.90800, 1.49950, -7.37460,
0.23433, 20.06300, 0.30198, -21.25200, 2.36500, -0.21757,
0.29635, 67.56900, 0.23375, 78.89500, 1.71460, 0.00000
}
Fpn_lg {
101.27778, 206.72223, 40.77778, 141.55556, 145.36111, 159.36111, 99.22222, 101.33334, 111.63889, 142.77777, 128.08333, 264.97223
}
Fpn_hg {
127.38889, 232.22223, 67.11111, 168.11111, 175.41667, 185.13889, 124.36111, 127.77778, 137.25000, 168.25000, 156.11111, 288.33334
}
AutoV20_lg {
0x8
}
AutoV20_hg {
0xa
}
Rampgen {
0x8d
}
Range {
0xf
}
AutoV15 {
0x6
}
Temp_calib {
29.50000, -46.55015, 0.00000, 0.00000, 0.00000, 0.00000, 0.00000, 0.00000, 0.00000, 0.00000, 0.00000, 0.00000
}
}

DEF 617 {
Version {
0x2
}
Kb {
0.57764, -23.11400, 0.77335, -71.00900, 2.34760, 20.93400,
0.40502, -34.89500, 0.51704, -51.86000, 2.41750, 5.13360,
0.64576, -96.83100, 0.83832, -100.31000, 4.60880, 8.64480,
0.25620, -6.40270, 0.37637, -3.67550, 2.67120, 14.21500,
0.13071, -6.23270, 0.23262, -0.30025, 2.30460, 7.41950,
0.55430, -64.56100, 0.65061, -103.81000, 2.38940, 15.45800,
0.33905, -91.03800, 0.55672, -128.87000, 4.56200, 3.64440,
0.41166, -19.77100, 0.46589, -16.45700, 2.36110, 9.03500,
0.25276, -22.89100, 0.25723, -20.17000, 2.59470, 6.31590,
0.53899, 9.65510, 0.53965, 6.01300, 2.39460, 4.73670,
0.54929, 12.05000, 0.61584, -1.01320, 2.65500, 7.18780,
0.45901, -53.88800, 0.59172, -58.78900, 2.04890, 12.23500
}
Fpn_lg {
84.16666, 79.55556, 41.19444, 129.22223, 174.72223, 75.16666, 52.97222, 94.91666, 80.02778, 153.63889, 141.16667, 127.91666
}
Fpn_hg {
106.13889, 101.36111, 66.83334, 150.52777, 195.83333, 97.05556, 74.69444, 116.55556, 100.58334, 173.08333, 162.91667, 148.22223
}
AutoV20_lg {
0x8
}
AutoV20_hg {
0xa
}
Rampgen {
0x89
}
Range {
0xf
}
AutoV15 {
0x6
}
Temp_calib {
29.50000, -16.37539, 0.00000, 0.00000, 0.00000, 0.00000, 0.00000, 0.00000, 0.00000, 0.00000, 0.00000, 0.00000
}
}

DEF 616 {
Version {
0x2
}
Kb {
0.21496, -55.65500, 0.25455, -36.79700, 1.32750, 2.94950,
0.36234, -35.96800, 0.40935, -24.18200, 1.41020, 2.79760,
0.26431, -49.44700, 0.29744, -79.68100, 1.04840, 6.88490,
-0.20300, 63.72500, -0.13034, 93.97100, 2.33440, -2.11790,
0.20472, -71.24400, 0.41545, -105.27000, 3.08820, 2.26800,
0.34766, -2.44600, 0.34572, -2.83860, 2.00550, -7.01600,
0.17643, 28.85100, 0.26441, 35.82300, 1.51950, -3.68750,
0.36982, -20.71400, 0.39475, -60.11200, 1.45380, 0.98818,
0.20231, 42.66500, 0.25138, 53.12200, 2.01490, -2.83200,
0.52829, -49.72700, 0.56375, -56.90800, 1.49950, -7.37460,
0.23433, 20.06300, 0.30198, -21.25200, 2.36500, -0.21757,
0.29635, 67.56900, 0.23375, 78.89500, 1.71460, 0.00000
}
Fpn_lg {
101.27778, 206.72223, 40.77778, 141.55556, 145.36111, 159.36111, 99.22222, 101.33334, 111.63889, 142.77777, 128.08333, 264.97223
}
Fpn_hg {
127.38889, 232.22223, 67.11111, 168.11111, 175.41667, 185.13889, 124.36111, 127.77778, 137.25000, 168.25000, 156.11111, 288.33334
}
AutoV20_lg {
0x8
}
AutoV20_hg {
0xa
}
Rampgen {
0x8d
}
Range {
0xf
}
AutoV15 {
0x6
}
Temp_calib {
29.50000, -46.55015, 0.00000, 0.00000, 0.00000, 0.00000, 0.00000, 0.00000, 0.00000, 0.00000, 0.00000, 0.00000
}
}

